Date,Total,Last24
 26 March 2020,262,73
 27 March 2020,338,76
 28 March 2020,416,78
 29 March 2020,476,60
 30 March 2020,552,76
 31 March 2020,600,48
 1 April 2020,647,47
 2 April 2020,723,76
 3 April 2020,772,49
 4 April 2020,824,52
 5 April 2020,872,48
